HV data for 15 runs: [4.587, 5.3913, 4.3478, 4.1304, 6.6304, 4.1957, 5.1739, 5.6304, 4.6522, 4.7826, 4.6957, 5.1957, 7.6087, 5.3478, 3.8043]
average HV for each run: 5.078260000000001
MCE on validation set for 15 runs: [0.2391, 0.2391, 0.2391, 0.2391, 0.1957, 0.2391, 0.2391, 0.2174, 0.2174, 0.2391, 0.2174, 0.2174, 0.2174, 0.1957, 0.2174]
The lowest MCE on validation set for 15 runs: 0.1957
best solution: 
[0 0 0 0 0 0 0 0 1 0 0 0 0 0 0 0 0 0 0 0 0 0 0 0 0 1 0 0 0 0 0 0 0 0 0 0 0
 0 0 0 0 0 0 0 0 0 0 0 0 0 0 0 0 0 0 0 0 0 0 0 0 0 0 0 0 0 0 0 0 0 0 0 0 0
 0 0 0 0 0 0 0 0 0 0 0 1 0 0 0 0 0 0 0 0 0 0 0 0 0 0 0 0 0 0 0 0 1 0 0 0 0
 0 0 0 0 0 0 0 0 0 0 0 0 0 0 0 0 0 0 0 0 0 0 0 0 0 0 0 0 0 0 0 0 0 0 0 0 0
 0 0 0 0 0 0 0 0 0 0 0 0 0 0 0 0 0 0 0 0 0 0 0 0 0 0 0 0 0 0 0 0 0 0 0 0 0
 0 0 0 0 0 0 0 0 0 0 0 0 0 0 0 0 0 0 0 0 0 0 0 0 0 0 0 0 0 0 0 0 0 0 0 0 0
 0 0 0 0 0 0 0 0 0 0 0 0 0 0 0 0 0 0 0 0 0 1 0 0 0 0 0 0 0 0 0 0 0 0 0 0 0
 0 0 0 0 0 0 0 0 0 0 0 0 0 0 0]
the number of selected features: 5
MCE on test data with selected features: 0.4706
classification error on test data with all features: 0.3897